average = 2.89
mode = 1
median = 3.0
variance = 2.1278999999999897
standard deviation = 1.4587323263710823
