average = 2.9933333333333
mode = 1
median = 3
variance = 2.0666222222222
standard deviation = 1.4375751188102
